0.0000e+00,0.0000e+00
1.0457e-01,-4.9191e-03
2.0914e-01,-1.5520e-02
3.1370e-01,-1.7725e-02
4.1827e-01,-2.4030e-02
5.2284e-01,-2.0346e-02
6.2741e-01,-2.2395e-02
7.3197e-01,-2.2448e-02
8.3654e-01,-2.0940e-02
9.4111e-01,-2.1466e-02
1.0457e+00,-2.2253e-02
1.1502e+00,-2.3706e-02
1.2548e+00,-2.4267e-02
1.3594e+00,-2.3548e-02
1.4639e+00,-2.2886e-02
1.5685e+00,-2.1547e-02
1.6731e+00,-2.1747e-02
1.7776e+00,-1.7039e-02
1.8822e+00,-1.3639e-02
1.9868e+00,-1.0129e-02
2.0914e+00,-8.6528e-03
2.1959e+00,-8.4691e-03
2.3005e+00,-8.1457e-03
2.4051e+00,-7.8578e-03
