0.0000e+00,0.0000e+00
1.0457e-01,-1.2549e-02
2.0914e-01,-2.3397e-02
3.1370e-01,-3.0621e-02
4.1827e-01,-3.5604e-02
5.2284e-01,-4.1750e-02
6.2741e-01,-4.9289e-02
7.3197e-01,-4.7459e-02
8.3654e-01,-4.5916e-02
9.4111e-01,-4.2270e-02
1.0457e+00,-3.6358e-02
1.1502e+00,-3.0936e-02
1.2548e+00,-3.0147e-02
1.3594e+00,-3.3190e-02
1.4639e+00,-3.5410e-02
1.5685e+00,-3.4270e-02
1.6731e+00,-3.1627e-02
1.7776e+00,-2.9322e-02
1.8822e+00,-2.4159e-02
1.9868e+00,-1.9575e-02
2.0914e+00,-1.7205e-02
2.1959e+00,-1.5362e-02
2.3005e+00,-1.4711e-02
2.4051e+00,-1.4428e-02
