0.0000e+00,0.0000e+00
1.0457e-01,-1.0670e-02
2.0914e-01,-2.9285e-02
3.1370e-01,-3.6274e-02
4.1827e-01,-3.3836e-02
5.2284e-01,-4.0429e-02
6.2741e-01,-4.6859e-02
7.3197e-01,-4.7137e-02
8.3654e-01,-4.3498e-02
9.4111e-01,-4.5644e-02
1.0457e+00,-4.3731e-02
1.1502e+00,-3.7503e-02
1.2548e+00,-3.6005e-02
1.3594e+00,-3.8452e-02
1.4639e+00,-4.1772e-02
1.5685e+00,-4.3078e-02
1.6731e+00,-3.8245e-02
1.7776e+00,-3.7547e-02
1.8822e+00,-2.8226e-02
1.9868e+00,-2.2089e-02
2.0914e+00,-1.8088e-02
2.1959e+00,-1.5757e-02
2.3005e+00,-1.6598e-02
2.4051e+00,-1.7463e-02
