0.0000e+00,0.0000e+00
1.0457e-01,-1.0860e-02
2.0914e-01,-1.5397e-02
3.1370e-01,-1.8499e-02
4.1827e-01,-2.5473e-02
5.2284e-01,-2.8206e-02
6.2741e-01,-3.1390e-02
7.3197e-01,-2.6348e-02
8.3654e-01,-2.4328e-02
9.4111e-01,-2.0535e-02
1.0457e+00,-2.1251e-02
1.1502e+00,-2.1475e-02
1.2548e+00,-2.0575e-02
1.3594e+00,-1.9087e-02
1.4639e+00,-1.8068e-02
1.5685e+00,-1.6080e-02
1.6731e+00,-1.4121e-02
1.7776e+00,-1.2497e-02
1.8822e+00,-1.0404e-02
1.9868e+00,-8.6558e-03
2.0914e+00,-7.7059e-03
2.1959e+00,-6.8293e-03
2.3005e+00,-6.4282e-03
2.4051e+00,-6.1781e-03
