0.0000e+00,0.0000e+00
1.0457e-01,-1.1455e-02
2.0914e-01,-2.0514e-02
3.1370e-01,-2.5983e-02
4.1827e-01,-3.3345e-02
5.2284e-01,-3.8519e-02
6.2741e-01,-4.6302e-02
7.3197e-01,-4.0800e-02
8.3654e-01,-4.1286e-02
9.4111e-01,-3.6295e-02
1.0457e+00,-3.0210e-02
1.1502e+00,-2.5514e-02
1.2548e+00,-2.6255e-02
1.3594e+00,-2.8828e-02
1.4639e+00,-2.9930e-02
1.5685e+00,-2.8372e-02
1.6731e+00,-2.6041e-02
1.7776e+00,-2.3438e-02
1.8822e+00,-1.9822e-02
1.9868e+00,-1.6521e-02
2.0914e+00,-1.4666e-02
2.1959e+00,-1.3229e-02
2.3005e+00,-1.2197e-02
2.4051e+00,-1.1605e-02
