0.0000e+00,0.0000e+00
1.0457e-01,-2.6370e-03
2.0914e-01,-5.4148e-03
3.1370e-01,-8.7195e-03
4.1827e-01,-7.0939e-03
5.2284e-01,-7.9782e-03
6.2741e-01,-9.0902e-03
7.3197e-01,-1.0153e-02
8.3654e-01,-1.0801e-02
9.4111e-01,-1.1404e-02
1.0457e+00,-1.2116e-02
1.1502e+00,-1.2492e-02
1.2548e+00,-1.2695e-02
1.3594e+00,-1.2148e-02
1.4639e+00,-1.2904e-02
1.5685e+00,-1.1808e-02
1.6731e+00,-1.0388e-02
1.7776e+00,-9.5397e-03
1.8822e+00,-7.6397e-03
1.9868e+00,-5.7554e-03
2.0914e+00,-4.5478e-03
2.1959e+00,-4.0164e-03
2.3005e+00,-4.4090e-03
2.4051e+00,-4.5826e-03
