0.0000e+00,0.0000e+00
1.0457e-01,5.3236e-07
2.0914e-01,-7.2315e-03
3.1370e-01,-1.0763e-02
4.1827e-01,-1.4577e-02
5.2284e-01,-2.0381e-02
6.2741e-01,-2.7006e-02
7.3197e-01,-3.3422e-02
8.3654e-01,-3.6211e-02
9.4111e-01,-3.3794e-02
1.0457e+00,-2.6322e-02
1.1502e+00,-1.9011e-02
1.2548e+00,-1.4234e-02
1.3594e+00,-1.6312e-02
1.4639e+00,-1.9072e-02
1.5685e+00,-2.3051e-02
1.6731e+00,-2.1840e-02
1.7776e+00,-2.0730e-02
1.8822e+00,-1.9190e-02
1.9868e+00,-1.6217e-02
2.0914e+00,-1.3456e-02
2.1959e+00,-1.4119e-02
2.3005e+00,-1.2743e-02
2.4051e+00,-1.2037e-02
