0.0000e+00,0.0000e+00
1.0457e-01,-3.5427e-03
2.0914e-01,-6.6541e-03
3.1370e-01,-8.3953e-03
4.1827e-01,-1.1409e-02
5.2284e-01,-1.0045e-02
6.2741e-01,-9.1742e-03
7.3197e-01,-9.1467e-03
8.3654e-01,-8.5476e-03
9.4111e-01,-7.3916e-03
1.0457e+00,-8.6779e-03
1.1502e+00,-9.4033e-03
1.2548e+00,-1.0445e-02
1.3594e+00,-1.0633e-02
1.4639e+00,-1.1703e-02
1.5685e+00,-9.3933e-03
1.6731e+00,-1.0689e-02
1.7776e+00,-8.5750e-03
1.8822e+00,-7.7259e-03
1.9868e+00,-6.7800e-03
2.0914e+00,-4.5829e-03
2.1959e+00,-5.0322e-03
2.3005e+00,-4.5065e-03
2.4051e+00,-5.0103e-03
