0.0000e+00,0.0000e+00
1.0457e-01,-8.2696e-03
2.0914e-01,-1.5223e-02
3.1370e-01,-2.2996e-02
4.1827e-01,-2.9077e-02
5.2284e-01,-2.9841e-02
6.2741e-01,-3.3731e-02
7.3197e-01,-3.4020e-02
8.3654e-01,-3.8509e-02
9.4111e-01,-3.8613e-02
1.0457e+00,-3.3784e-02
1.1502e+00,-2.8620e-02
1.2548e+00,-2.8923e-02
1.3594e+00,-2.3549e-02
1.4639e+00,-2.4970e-02
1.5685e+00,-2.4056e-02
1.6731e+00,-2.4210e-02
1.7776e+00,-2.1249e-02
1.8822e+00,-1.9107e-02
1.9868e+00,-1.6593e-02
2.0914e+00,-1.4269e-02
2.1959e+00,-1.3309e-02
2.3005e+00,-1.2458e-02
2.4051e+00,-1.2768e-02
